project: 0_10_2_21-T06-027-FBP_SM_033_US101_Holly_Interchange_add
tags: ''
dependencies: ''
changes:
- category: Add New Roadway
  links:
  - ft: 5
    lanes: 2.0
    walk_access: 1
    shstGeometryId: ''
    rail_only: 0
    assignable: 1
    segment_id: 0
    bike_access: 1
    tollseg: 0
    model_link_id: 0
    managed: 0
    transit_access: 0.0
    bus_only: 0
    tollbooth: 0
    drive_access: 1
    A: 9550774
    B: 9550775
  nodes:
  - Y: 37.5142131492409
    X: -122.25568272865664
    model_node_id: 9550774
    pnr: 1
  - Y: 37.5140023654003
    X: -122.25573644151716
    model_node_id: 9550775
    pnr: 0
valid: false
