project: Add EBART Rail links
tags:
- add transit link
dependencies: ''
changes:
- category: Add New Roadway
  nodes:
  - model_node_id: 3097287
    rail_only: 1
    X: -121.88909847052751
    Y: 38.01685826520999
  - model_node_id: 3097288
    rail_only: 1
    X: -121.78043116127834
    Y: 37.995410520067416
  links:
  - model_link_id: 2700036
    rail_only: 1
    transit_access: 1
    A: 3097273
    B: 3097287
  - model_link_id: 2700037
    rail_only: 1
    transit_access: 1
    A: 3097287
    B: 3097288
  - model_link_id: 2700038
    rail_only: 1
    transit_access: 1
    A: 3097288
    B: 3097287
  - model_link_id: 2700039
    rail_only: 1
    transit_access: 1
    A: 3097287
    B: 3097273
